1.140199
1.674221
0.9353231
0.6885168
1.010817
1.068337
0.6634844
0.9195367
0.6619937
1.05472
0.5046514
0.8159089
1.261279
0.9908452
1.301745
0.462147
0.6657425
1.007364
1.556055
0.4377111
1.374903
0.7378355
0.9192748
0.6606836
0.8140141
0.6640133
0.5443273
0.8138978
0.8232323
0.6416875
1.201962
0.7534444
0.8700706
1.443521
0.3622413
1.062165
0.8492946
0.8677041
0.5386434
0.6295624
0.7486752
1.153262
1.09927
0.87806
1.009976
0.2878808
1.533482
0.6616696
1.291106
1.412466
0.7885934
0.8889654
0.4391657
0.7619233
0.499524
1.513231
0.7379543
1.095486
0.9055365
1.824849
0.8565879
1.749483
1.120329
0.4485387
0.6097853
0.3746174
0.4346824
0.705041
0.3262092
1.143538
1.358822
1.141819
1.13516
0.8562993
0.8934537
1.515027
0.8031727
0.8655141
0.4861648
1.674821
0.2800174
0.5616558
1.217124
0.8709551
1.161579
0.8808466
0.6854917
1.202565
0.8415971
1.41325
1.025513
0.6927106
1.43031
1.230386
0.8868856
1.301195
0.9950508
0.6610948
1.314225
1.143541
0.4408523
1.229754
1.016157
0.5040072
1.121499
0.7470142
0.9399509
0.7561176
0.3473067
1.29555
1.121288
0.2779667
0.9694672
0.8495454
1.357377
0.7460285
0.9729328
1.051249
1.301423
0.9078926
1.401841
0.4773462
1.233082
1.071361
0.614567
0.9268993
1.260218
0.5737844
0.6775536
1.037345
0.7027614
1.030893
1.179575
1.487578
0.5646624
